#####################################################
Activation map values of conv2
1 th  activation map
[[ 1.96259522  3.48828793  2.7087841   2.66139722  4.12614536  3.1216743
   3.60735536  2.50616503]
 [ 0.32508069  3.75692558  4.18844604  4.35989857  5.2499795   3.76409578
   4.53174114  2.91119838]
 [ 1.54122949  3.66123581  3.21804428  3.14754534  3.9514811   2.46423817
   5.44146109  4.09931946]
 [ 1.88841009  3.19870782  2.57417345  2.87413573  3.96425533  2.61670208
   3.48266363  3.41787314]
 [ 2.27479649  3.22598338  2.66588688  3.03722286  2.00014663  0.45727259
   2.02527809  1.71039474]
 [-0.11399946  1.11399138  0.85271889  0.90695846  0.65009105  0.4821507
   1.04614735  0.81242204]
 [-1.36501312 -0.68091452  0.18906949  0.20803273 -0.80913526 -1.70857263
  -1.38365114 -1.15405869]
 [-1.05624151 -0.96163642 -1.68362963 -1.65190196 -1.87951624 -1.86317432
  -2.19270802 -1.64087963]]
2 th  activation map
[[-6.70721436 -7.68138552 -7.59459019 -5.4565773  -5.63727474 -5.56639004
  -4.73431873 -4.09260321]
 [-3.94241929 -6.57618856 -8.04969692 -8.33103848 -9.37212944 -9.24545383
  -7.92950869 -6.1680398 ]
 [-3.40873909 -5.21067429 -6.33193445 -6.73062801 -8.03456879 -8.25940037
  -7.47113752 -7.68601274]
 [-5.30223942 -5.29836941 -5.40390873 -4.22852707 -4.89614248 -6.2137413
  -7.30719757 -8.88693237]
 [-5.54346991 -5.54906225 -5.34393263 -4.82964373 -4.11633635 -4.68872404
  -6.60537004 -6.7627573 ]
 [-2.52680373 -3.50088239 -3.7675221  -2.36891818 -2.12662244 -3.21905398
  -3.95374346 -2.95736217]
 [ 0.03256723 -0.54801464 -1.70167446 -0.25312856  0.49726185  1.08425438
   1.65179169  0.62326521]
 [ 1.26339877  2.01276398  2.13940692  3.43368411  3.8694694   3.00304389
   3.2337575   2.49372077]]
3 th  activation map
[[ 0.05389211  1.28936839 -0.25830814 -1.25730324 -0.3731887  -0.6438778
   0.59123665  0.55115098]
 [-0.80351168  1.03612018 -0.20928621  0.33058056 -0.27104348  0.16633934
   0.34729379 -0.66023666]
 [-1.31276     0.06249738 -0.0356961   1.53056276 -0.22128814 -0.53244406
  -0.00557663 -0.26335815]
 [-0.30670452 -0.48792022 -0.85368282 -1.06582582 -1.13164508 -1.57263553
   0.04898607  0.30563203]
 [ 0.19153336 -0.948093   -0.50305176  0.64026111 -1.61738253 -1.00658858
   0.84489745 -0.27870741]
 [-1.50800622 -1.42695355 -0.75258797 -0.689197   -1.9867425   0.11296637
  -0.14038607 -1.09985518]
 [-2.38926482 -1.14670873 -0.2415024  -0.38143492 -1.03213882 -0.65066296
  -1.50421512 -0.88353753]
 [ 0.16237175 -0.66166651 -0.84350646 -1.38640165 -1.31517386 -1.83673418
  -2.01428223 -0.55125487]]
4 th  activation map
[[ -5.68917942  -5.01155281  -6.36116982  -7.52197123  -8.05047035
   -7.98808956  -6.4224081   -4.0837388 ]
 [ -4.16190481  -6.83435297  -8.1355238   -8.28309631  -6.08530807
   -5.84461546  -5.80479002  -6.01625872]
 [ -7.4018383   -6.6670785   -6.54201984  -7.25475645  -5.22604847
   -6.66764116  -8.40527534 -10.87429237]
 [ -7.37718678  -6.5453229   -6.97216129  -7.32364655  -5.4339056
   -6.09468269  -8.58485126  -9.13168621]
 [ -6.85848188  -6.41465616  -7.3068862   -6.49460983  -4.51679707
   -5.89356136  -5.90687943  -5.2756114 ]
 [ -3.08376527  -4.24253988  -4.99562263  -5.18150043  -4.19286108
   -2.67096376  -0.54499418  -1.6480695 ]
 [ -2.54064298  -0.76462269  -0.55239946  -1.25924575   1.03075719
    1.57051528   0.38690197  -1.42125082]
 [  1.25619864   3.0247314    1.01438665   0.17957951   0.31260931
   -1.40676069  -1.25442648  -1.47747481]]
5 th  activation map
[[-0.01817545  2.79707146  1.18052757 -1.44872749 -2.46213794 -1.7551502
  -0.22009814 -2.67453098]
 [-2.82583499  1.14814353  1.55230749  0.01628379 -1.08754635 -1.38458395
   0.32674837 -1.97754014]
 [-1.74186492  0.49072087  0.73334199 -1.04333758 -1.25057387 -1.11309242
   0.27650678 -1.0457623 ]
 [-0.20024055  1.36626041  0.941266    0.25295919 -0.01606056  0.82006311
   1.80342579  0.07064415]
 [ 0.03695501  1.66957629  1.7369746   0.792835    0.21719411  0.37410998
   1.16580975  0.53524357]
 [ 2.21032643  3.12248635  2.08677602  1.35131443  0.7579006  -0.5310114
   1.4464432   1.65233457]
 [ 3.41068816  4.43019772  3.32635403  2.38026857  2.0249536   1.04130363
   1.57339096  1.08743   ]
 [ 0.05844877  4.3797617   3.90046692  2.6905241   1.43247426  1.6132561
   1.98157322  2.53581071]]
6 th  activation map
[[-0.56533581  4.27234697  8.39625931  7.16986799  6.01121807  5.72341871
   2.75137424  0.39355144]
 [-4.42221212 -3.61129785  2.13251042  4.5991559   5.26458025  7.03039217
   6.13866425  4.26429367]
 [ 1.19763482 -2.07360864 -1.47121382  0.16582327  1.49009836  3.64900231
   4.93511915  5.80054665]
 [ 3.97693706  2.60202909  1.56558967  0.91451132  0.32793856  1.28995323
   2.33903527  4.55777311]
 [ 3.7238667   3.2318666   2.40683246  1.69628811  0.7654264  -0.32368207
  -0.87810755  2.69012523]
 [ 1.31472909  0.91679233  2.02692389  0.90553111 -0.97222579 -1.37448549
  -2.90759182 -1.59613872]
 [-2.87501931 -2.24241781 -0.14369665 -0.4768084  -1.61928713 -2.03479362
  -3.81822276 -3.06650901]
 [-6.28018761 -5.4393878  -3.54325747 -3.93810272 -3.24386573 -2.54555225
  -2.54557252 -0.95195121]]
7 th  activation map
[[-0.53278798 -0.01514185  0.44735944  0.52930343 -1.01542091 -0.54657328
  -1.00531662 -0.76441813]
 [ 1.35452926 -1.03867912 -1.36592269 -1.11087799 -1.56185091 -0.06808349
  -0.75328952 -1.2573272 ]
 [ 1.28042436 -1.7654376  -0.17504416  0.10462116 -0.12166867  0.63398975
  -1.46112525 -2.19087768]
 [ 0.66753542 -0.40989107  0.27184784  0.35740393  0.25427532  0.57067138
  -2.64190221 -0.96290243]
 [ 0.84757864 -0.2031423   0.20229448  0.25638938  0.87914169  1.78573084
  -1.03348947  1.32383108]
 [ 0.9986515   0.15156834  1.02245522  0.52800101  0.42686388  1.15957677
  -0.84744161  0.72116482]
 [ 2.29065561  1.02348495  1.18677354  0.34944469  1.88717484  2.74851203
   1.16928196  1.02805543]
 [ 2.12862992  1.53274441  1.83871317  1.46404195  2.53709102  1.93811893
   1.45993304  0.94442415]]
8 th  activation map
[[-4.41260195 -3.66546059 -2.72729373 -3.12850356 -4.40365314 -3.52742124
  -2.59767485 -2.47027421]
 [-1.86884165 -3.52716136 -4.57634354 -4.38467646 -3.93559933 -4.27975273
  -2.57058382 -1.57553542]
 [-3.92545915 -3.16162443 -2.38700843 -1.6607542  -1.48490119 -2.64132667
  -4.16227293 -4.01974154]
 [-2.89757943 -2.74699593 -2.82517958 -3.10949421 -4.34417009 -5.12116861
  -5.26663399 -4.45781708]
 [-3.36061215 -3.5963881  -3.316046   -2.9581058  -2.05604792 -2.95313716
  -3.41343331 -4.02581644]
 [-3.67581773 -3.44617963 -3.06014919 -2.95440483 -3.94493914 -4.18952513
  -3.06245112 -3.09412169]
 [-1.36171484 -2.92090321 -4.11945105 -2.3467505   0.03180328  0.51084036
   0.38620633  0.04806245]
 [-0.1317742   1.46079183  1.75469112  2.04972172  0.36972967 -0.80817795
  -1.2264241  -1.32764733]]
9 th  activation map
[[-2.79886222 -3.36361814 -3.55306196 -3.54508257 -3.03907132 -4.21265793
  -2.0749259  -0.3883993 ]
 [-2.9969852  -3.07921648 -1.57537258 -2.8876667  -1.78469312 -4.03214264
  -4.28943682 -2.33242226]
 [-2.99265337 -3.1863811  -2.11530828 -2.2700386  -0.1011318  -3.6772027
  -5.33639765 -3.26626229]
 [-3.01786542 -3.06139374 -2.46194315 -1.41877663  0.13521051 -3.46416473
  -5.18570614 -3.11270738]
 [-2.22167253 -1.80625999 -1.79571736 -1.4969691  -0.18768501 -2.20485544
  -3.04798055 -1.01652145]
 [-1.27871716 -1.49467194 -1.11625612 -1.62563217  1.29422247 -0.36160296
  -0.93424743  0.24723729]
 [ 0.93027556  0.85455877  0.34188205 -0.10634289  0.92627472 -0.41957194
  -0.6009869  -0.5481708 ]
 [ 2.11284828  1.48344147 -0.01810907  0.42133373  1.17714512  0.72060138
  -0.22445625 -1.16806424]]
10 th  activation map
[[-0.43454772  1.0621841   0.6256783  -1.20428538 -0.32314795 -3.12380552
  -4.36701107 -3.62883615]
 [-2.48113418 -1.31626952 -0.49362981 -0.03046408  2.4450295  -0.59456468
  -1.74300051 -3.16936827]
 [-2.40823197 -1.60639715 -1.94785893 -1.02153802  2.36904192 -0.09958859
  -0.93252325 -2.76683927]
 [-1.07519293 -0.19349511 -1.18825436 -0.74275815  0.84054708 -1.64812446
  -0.59284228 -1.77039099]
 [-0.7191897   1.07453346 -0.52327406 -0.72686446  1.17429268 -0.12698062
   0.78892463 -0.22344239]
 [-0.25100464  0.25322431  0.35121554 -0.08644642  0.02316418 -0.96182692
  -0.50149691 -0.68616056]
 [ 2.80275297  1.65040183 -0.13262592 -0.24606767  0.54909968  0.60290074
  -0.40852267 -2.09518862]
 [-0.45477825  1.27971387  0.69000101 -0.61518544 -1.01988602  0.21573402
   1.21095848 -1.17625535]]
11 th  activation map
[[-3.2730267   2.26163721  2.88358355  0.36513376  0.18589953 -0.5286144
   2.33676362  0.42514023]
 [-4.14999723  0.18584169  1.73910487  0.90224177  0.57209939 -0.90048623
   3.07885695  3.26370335]
 [-2.76711655  0.71039104  1.90977585  0.87894917 -0.63166821 -1.36597884
   3.13672256  5.54011011]
 [-0.32829407  1.34554553  1.97147715  1.50078046 -0.75497615 -1.28764307
   3.2434411   4.5789566 ]
 [-0.31005153  1.6582005   1.35015857  1.47709441 -0.98757225 -1.55163765
   1.97810626  1.21395552]
 [-0.27529806  1.27769768  2.21115732  1.50106609 -0.82165217 -1.44308019
  -0.16426945  0.24175134]
 [-1.99150586  0.86628091  2.31665683  1.43364584 -0.36567855 -0.66428125
  -0.45544311  1.50430703]
 [-3.84194279 -0.23783347  2.00409818  0.69626516 -0.97757703 -1.71823287
  -1.58663726  1.16860151]]
12 th  activation map
[[ 5.17550659  4.92141628  3.62954807  3.56233168  2.22548795  1.28009963
   1.27178991  0.90444249]
 [ 5.55734968  6.09203863  4.71153116  3.43859839  3.30985284  3.3434422
   3.64365792  1.65433228]
 [ 4.4167366   6.47567225  7.04580545  6.16013432  4.80267191  4.16201496
   5.00531578  1.93606269]
 [ 4.88246107  7.159266    7.37790346  6.56117487  5.47936153  5.97463989
   7.50707483  5.37748146]
 [ 6.49422646  8.03789806  8.33509445  7.91127348  7.32068062  7.49569035
   7.63205576  6.3970933 ]
 [ 8.63444805  9.47082615  8.73186016  7.74167871  6.21267557  6.30788898
   6.69418907  6.3011198 ]
 [ 6.08964396  8.63783646  8.47740936  7.36998653  6.15985012  5.21646595
   5.46458054  5.29302454]
 [ 3.91707063  5.05497694  5.76398134  4.83127451  3.33416176  2.12678981
   2.62340641  2.90726137]]
13 th  activation map
[[ 0.37976891  1.33284438  1.72019792  1.29311836  2.39426756  2.56494904
   0.9875049  -0.90155512]
 [-1.36714029 -1.15758634  1.47555482  1.59782076  3.22317553  2.17462897
   0.88863778  0.2567642 ]
 [-0.88185149 -0.57107866  0.45835194  0.12440659  1.89515233 -0.11196971
   0.1259599   1.99663305]
 [ 0.23168309  0.84556895  0.39761934 -0.18543737  0.93589962 -1.05585635
   0.56685072  2.87296295]
 [-0.02794906  0.43918693  0.2062481   0.18907438  0.39612621 -1.59862888
   0.49450064  0.26745072]
 [-0.74226093  0.07041302 -0.93375403 -2.2294898  -1.69286823 -2.48880434
  -2.62689447 -2.88942289]
 [-0.88192725 -1.07233417 -3.09826326 -2.72065711 -2.17425084 -4.05666924
  -3.47563982 -2.45230556]
 [-3.55385137 -3.86236429 -3.61309361 -2.53664446 -3.24755096 -3.58844852
  -2.46223474 -1.6794728 ]]
14 th  activation map
[[-4.78738832 -3.58904052 -4.03365993 -5.73413372 -6.05035973 -5.71579885
  -3.59779859 -4.20342541]
 [-5.72063684 -4.36256456 -4.62458992 -6.50858116 -6.82745218 -6.7820363
  -4.63743401 -4.69507837]
 [-5.20759201 -4.48558283 -4.74251842 -5.96085644 -5.76616049 -6.09769726
  -5.84995127 -5.14125347]
 [-5.05831623 -3.71781635 -3.90721273 -4.80078936 -5.31112385 -5.70104551
  -5.95592976 -5.66592789]
 [-4.09792042 -3.54669666 -3.51863575 -4.22405291 -4.41441107 -3.82302022
  -3.36732578 -3.16167212]
 [-1.99059045 -1.74064195 -1.29447389 -2.07195187 -2.06367254 -2.35878611
  -1.43222761 -1.706141  ]
 [-0.43000481  0.60741132  0.79935199  0.26248392  0.1723645  -0.10983172
   0.37386113  0.00831522]
 [ 0.06947487  2.09588218  1.88392472  1.65006053  1.25450444  0.83566445
   0.7464245   0.7724731 ]]
15 th  activation map
[[ 2.69460082  1.59990275  2.15903902  1.15819478  2.2615757   3.33474827
   2.28834105  0.28122112]
 [ 2.34816217  1.77908361  2.41541004  2.00434136  3.95947313  1.65925944
   1.0372448   0.40929228]
 [ 2.73043251  4.79034948  4.06534004  3.80203891  3.96526432  1.24746335
   0.2669813   2.68240881]
 [ 4.90929556  5.91981697  5.89836693  4.89289904  3.61090994  1.88206792
   2.78023076  4.65903044]
 [ 4.82088184  5.22501183  5.22999239  4.6624465   5.373981    4.21886396
   5.24306107  4.07256699]
 [ 4.14712381  5.79894543  5.68078566  4.89124632  4.88625145  4.39163256
   3.51586246  2.77501273]
 [ 4.94040298  4.12496614  3.47459674  4.50980043  4.73667383  2.31172466
   2.48062253  2.92557025]
 [ 3.86779642  2.70356011  2.83129382  2.33338404  0.78224152  1.0046345
   1.69095528  1.44032621]]
16 th  activation map
[[ 0.13754685 -0.42041957  0.06439413 -0.11990122 -0.55925488  1.38950634
   0.96812636 -0.42650789]
 [ 1.086375    0.34306085 -0.45159507 -1.22076011 -1.0269618   1.37586784
   0.64111197 -1.32855892]
 [ 2.12071943  1.04901874 -0.13474026 -0.85262269  0.18030167  2.01380157
   1.31071877 -2.35630202]
 [ 1.03167164  1.60158467  1.65303874  0.96747327  1.28316474  1.38245833
   0.21202566 -1.42783535]
 [ 2.20604682  1.73281097  2.321805    1.34916556  1.06150675  1.52402568
   1.41426885  0.22577015]
 [ 1.27164388  2.13687539  2.24088049  1.43633461  1.15335512  1.07972932
   0.60167873  1.00899887]
 [ 2.04881716  3.41006017  2.1452837   1.4645077   0.56711686  1.14039218
   1.34360719  1.02614737]
 [ 1.53705561  2.18315291  2.14281797  1.333215    0.95485222  0.59770983
   0.82828039  0.8605383 ]]
17 th  activation map
[[ -1.51805997e-01   1.19783688e+00  -1.49544525e+00  -2.83210707e+00
   -1.46742135e-01  -1.64690578e+00  -2.03092384e+00  -2.45386863e+00]
 [  3.48614395e-01   1.18528938e+00   2.57180274e-01   1.29536510e-01
    8.32865775e-01  -1.34831524e+00  -3.08092380e+00  -4.59920406e+00]
 [ -9.91932094e-01   3.03248703e-01   5.00808477e-01   1.28025329e+00
    1.77585149e+00  -4.73640412e-01  -1.15268910e+00  -2.28029060e+00]
 [ -1.31836146e-01   5.38236320e-01  -2.11748272e-01   6.88075185e-01
    1.54355967e+00  -4.50284690e-01   7.34931707e-01  -4.06051815e-01]
 [  4.38932210e-01   7.52141893e-01  -1.21363513e-01  -2.09661245e-01
   -4.37991351e-01  -6.04098082e-01   9.11687255e-01   1.84672564e-01]
 [  4.46513236e-01   1.17862999e+00   7.21898258e-01  -4.58829284e-01
   -5.29716790e-01   7.83068463e-02  -5.63968197e-02  -1.05739844e+00]
 [  6.90536022e-01   1.37344551e+00  -3.15110505e-01  -9.12114263e-01
   -2.67767906e-03  -3.37252356e-02  -6.57572806e-01  -1.76640779e-01]
 [  1.73909295e+00   1.55001819e+00   2.07405835e-01   1.55105531e-01
   -5.16189337e-01   2.82921761e-01   1.29951286e+00   1.27453434e+00]]
18 th  activation map
[[ -6.38875437  -2.23213911  -2.45588493  -0.48538777  -1.53684473
    0.72977471   3.82185841   1.66015565]
 [ -5.30616188  -3.66977644  -3.76205802  -1.42821503  -1.74484241
    0.32827121   2.05578208  -0.86050141]
 [ -4.74929762  -4.63959169  -4.02133036  -1.72738981  -4.10923576
   -2.44932914  -2.04806733  -2.93347287]
 [ -3.21987247  -5.13698435  -4.75425243  -3.52560163  -5.609797
   -4.42568398  -3.60145855  -2.99660206]
 [ -5.01545477  -5.77236652  -5.58436728  -5.58090162  -7.92428207
   -6.61857414  -5.86705589  -5.40826702]
 [ -8.86214256  -7.96481228  -7.38982248  -8.01836109  -9.00161457
   -8.40600204  -8.36036301  -7.26724625]
 [-10.99891567  -9.67819309  -9.56049538 -10.34653568  -9.59976292
   -9.81803608 -10.28380108  -8.32222271]
 [ -9.19231129  -8.9772644  -10.73918438 -10.06612301  -9.14845657
   -9.06264877  -8.84544086  -6.91746759]]
19 th  activation map
[[ 2.84334373  2.82759905  1.73343527  1.8242867   2.68461418  1.54814446
   0.25160733 -1.19928777]
 [ 2.97020459  2.29901314  1.49865544  2.51451635  2.95886946  3.22308946
   1.89999068  0.02486569]
 [ 3.88230538  4.09561729  3.53134537  3.7413764   3.22047186  4.04456186
   3.39735055  1.70082223]
 [ 4.4044199   4.66992331  3.06757784  3.97711015  3.25275135  3.70867229
   5.06393528  3.72869301]
 [ 5.09425688  5.6037426   4.53115654  4.17529011  2.91804552  4.15765858
   3.86710119  2.87249184]
 [ 5.03842974  4.3545351   3.88831615  3.93788314  2.46027255  3.44882345
   2.819453    1.93128061]
 [ 3.25124693  3.3041625   3.13069129  2.63943601  2.03036547  2.56970477
   1.71039677  1.69481921]
 [ 2.45314145  1.78702068  1.87522197  0.71527672 -0.96927267  0.11118989
   1.57897425  2.20235777]]
20 th  activation map
[[ -5.44348097  -7.67327595  -8.92281723 -11.08186817 -10.21940517
   -7.70680857  -7.17852211  -6.66149378]
 [ -6.72677088  -7.30120802  -7.06782007  -8.63437176  -7.9314189
   -7.11783791  -8.10022926  -8.00444508]
 [ -8.29715061  -8.61747265  -7.84646225  -8.95368862  -6.62674093
   -6.16855145  -8.82987785  -9.93681812]
 [ -8.15233231  -8.57115269  -8.0441103   -9.83670521  -6.92214012
   -6.29551506  -8.98755169 -10.65391541]
 [ -6.11440277  -5.98906946  -6.51270771  -6.80001736  -3.85369635
   -3.22967696  -5.97860575  -5.32746077]
 [ -3.19649649  -3.70083499  -3.45883989  -3.27304816  -1.54192853
   -1.09073436  -0.79730773   0.62245423]
 [  1.55349123   0.52415586   1.39196408   1.2610532    2.2439537
    1.63676298   0.85007596  -0.72913581]
 [  3.33528805   3.86045408   3.48461771   2.11273074   1.39290404
    0.75891656  -1.40872777  -3.83936667]]
21 th  activation map
[[-0.24841814 -0.79151481 -1.40083468 -1.18552482  0.88476306  2.93300366
   2.1950376  -0.39496469]
 [-0.9625839  -0.4258706  -0.24694575  0.34554088  2.34966207  2.06090569
   0.64480686 -1.73602855]
 [-0.98830205 -0.00734083 -0.65745318 -0.44991255  0.3629933   0.01017611
  -0.59938931 -1.68912673]
 [ 0.09541379  0.25498533 -1.41081011 -1.88055229 -1.58466876 -1.31401551
  -0.41577619  0.050101  ]
 [-0.60124534 -0.33698201 -0.7474764  -1.60881817 -1.9733218  -1.78447068
  -0.44812149 -1.64021218]
 [-3.20472169 -1.11223257 -1.66863167 -2.74271369 -2.65324926 -1.88318729
  -2.55551481 -3.61351466]
 [-3.48923993 -2.75078273 -4.04946423 -4.60442924 -4.01662159 -5.0363698
  -4.52053595 -4.30745792]
 [-2.28060532 -4.30989408 -5.07977438 -5.57392979 -5.82102108 -5.539814
  -4.25564337 -5.00844574]]
22 th  activation map
[[ 0.10681982  1.06026292 -0.77553594 -1.50738144 -0.93870771 -0.77516502
   0.67525667 -0.43106759]
 [ 0.96967727  1.81770766  0.16465041 -0.43540251  1.07276118 -0.74336129
  -0.29662603 -2.63386178]
 [ 1.0456599   2.8739028   2.10236406  2.31195951  1.68010759 -1.0344342
  -1.40763676 -2.14961076]
 [ 1.78281343  3.234658    2.72443748  4.33603764  3.37785888  0.94202185
   0.08141387  0.38735422]
 [ 2.24105406  3.05917311  3.55986309  3.58144283  3.19174886  1.62889004
   1.7613759   1.14591908]
 [ 3.32527804  4.96449327  3.55843377  2.87684083  2.86385942  2.79217267
   2.16064763  1.47217548]
 [ 3.72630167  4.98312664  3.18354583  2.83645129  3.6492219   2.08782792
   1.210976    1.18650782]
 [ 4.29738235  4.36202908  2.5178411   1.806265    1.13381469  1.45952451
   1.97919476  1.60406899]]
23 th  activation map
[[ 2.55425191  0.22588521  0.06308115 -0.41224188 -0.66502988  3.25574684
   1.00021911 -0.77739334]
 [ 2.42898273  0.49965322  1.52230346  0.42127609  0.04808374  3.68441415
   0.16740054 -1.3727479 ]
 [ 1.63839412  0.63510704  2.96412587  0.7923702   1.54441953  4.73084736
   0.06171712  0.18379781]
 [ 1.96381772  0.95712739  2.56838942  0.09615953  1.94709742  3.44108772
   0.75090015  1.62181795]
 [ 1.84365344  2.03714323  3.00190926  0.47935116  1.01437736  1.64118493
   0.94313836  1.96089804]
 [ 1.61426461  2.47377563  2.38251901 -0.17567471  0.40543938  0.29207775
   0.47185361  0.54190528]
 [ 0.30645007  2.30269337  1.02187979 -0.69734418 -0.47800234 -1.52181351
  -0.29169148  0.5592519 ]
 [ 1.16527963  0.54513192 -0.59795696 -0.49135599 -0.62163377 -1.91276348
  -0.78582442 -0.34194505]]
24 th  activation map
[[ 1.03606474  5.45256901  2.42538524 -0.57323623 -1.61754489 -0.76870281
  -0.67819768 -4.8501215 ]
 [-3.34380412  3.35932946  3.85694671  2.11904478  0.89113152  1.17243695
   2.6266439  -2.28418946]
 [-4.69818258 -0.43816558  1.20098448  1.40212655  1.78803349  1.8613435
   4.01034403  0.84635174]
 [-1.66671145 -0.11447778  0.15747213 -0.29193226  0.06991573  1.02971745
   3.84984303  3.23171449]
 [ 1.17866719  2.06941152  2.05728531  1.28197491  0.01660296  0.58553207
   4.10631514  4.04602385]
 [ 2.84956622  4.12118483  3.36586642  2.83728147  1.08325183 -0.05247474
   2.00031567  2.26730132]
 [ 2.29795408  4.55990458  3.54224062  2.15718865  0.17750661 -1.27754188
   1.23748136  0.73873985]
 [-1.90789557  1.51476181  2.01183009  1.6440556  -0.41041487 -1.85079885
  -1.26830053 -0.06281261]]
25 th  activation map
[[ 1.44928241  1.12056899  1.8000977   2.98334408  4.3434062   4.37160778
   3.41011667  2.30983305]
 [ 2.51236987  2.26797414  2.13824058  1.95923364  1.17197621  1.56916213
   2.37741661  1.84164333]
 [ 3.64910197  4.0168891   2.76505017  2.82590747  2.86525226  1.96303844
   2.52068114  2.53796029]
 [ 3.2730217   4.09322834  3.76291919  3.3931191   3.22367406  2.74575901
   2.90828848  0.73169202]
 [ 3.29994941  3.83898997  2.97624898  2.86425257  3.79371333  3.04956675
   1.76732492  0.66193867]
 [ 3.02629137  3.9317081   2.58950615  2.32154012  1.91878581  1.33325374
   0.91520059 -0.59493059]
 [ 0.04056553  0.48449066  0.21627468  0.61123312  0.28546536 -0.13865659
   1.0858587   1.16442406]
 [ 0.84507906 -0.18179029 -0.47179547  0.18936324  0.69576645  1.39735317
   0.44662333  0.31820408]]
26 th  activation map
[[-2.73456979 -2.5966146  -2.56574726 -2.73204637 -3.21588993 -2.91516399
  -0.1731661   0.68921626]
 [-0.8765583  -1.39623225 -3.07219577 -3.57426357 -3.66899586 -2.5777812
  -0.20979281 -2.1866889 ]
 [-2.5285027  -1.88495314 -2.75237656 -2.35032964 -1.93272531 -1.74660301
  -1.67376947 -4.47951365]
 [-2.98525095 -2.9203043  -1.98830819 -1.93855393 -2.91672587 -1.37565231
  -2.03483391 -4.0481267 ]
 [-3.14355183 -2.95169163 -3.38416266 -2.60435057 -2.90463281 -1.70450282
  -1.79978228 -2.44192314]
 [-2.33369303 -2.36040092 -1.82954097 -2.3768158  -2.06746745 -0.83153546
  -1.36985362 -1.40387034]
 [-2.60949659 -2.377491   -1.84817648 -1.85795128 -1.59540081 -1.1444217
  -1.05601943 -1.62414491]
 [-0.7981261  -0.38266516 -0.92361307 -1.97563684 -1.54666603 -0.99260783
  -1.94384336 -1.82896614]]
27 th  activation map
[[-0.43374535 -1.95548153 -3.13147974 -3.5589335  -1.27077842 -2.68641353
  -2.99013352 -2.71236277]
 [-0.03189333  1.88544309 -0.1644447  -2.49239588 -1.22796404 -3.33393121
  -3.66408086 -3.53113294]
 [-1.98378146  0.18943937 -0.14628044 -0.90034461  0.38337591 -0.99915719
  -1.55023932 -2.6707716 ]
 [-2.35046625 -0.79835802 -1.77086782 -2.35906005 -0.86673725 -1.19323456
  -1.28613555 -3.30946207]
 [-2.30055642 -1.10103834 -1.70636904 -3.34448862 -2.49589705 -3.0070641
  -2.74537802 -3.4588306 ]
 [-2.69620109 -2.3935008  -3.51429486 -4.33806324 -3.96449494 -3.82052374
  -3.27333236 -2.74691176]
 [-3.31563663 -3.7246387  -3.91658497 -4.64836121 -4.33136559 -2.84886622
  -2.09977651 -0.81091911]
 [-0.68834555 -0.689188   -1.14111865 -1.71807969 -0.68646735 -0.52063978
  -0.76808614 -0.80923331]]
28 th  activation map
[[-0.43605673 -0.63979012  0.88572925  3.50124097  1.90741634 -1.06603491
  -0.88465375  2.25192237]
 [ 0.81225073  0.98906749  1.88061714  3.35988164  2.96834707  0.3400856
   0.65130079  1.66116273]
 [ 0.45932332  0.70298928  1.10642505  2.66153097  2.48165154  1.43996
   0.8714993   0.42661738]
 [ 1.26109815  0.39946723  0.5154407   2.1089108   1.89803576  1.28916073
   0.84882647  0.35814473]
 [ 1.50905681  0.11647945 -0.2978369   0.1260924   0.46242076 -0.37816334
  -0.82893395 -0.33400348]
 [ 0.15124872 -1.18519616 -1.60036838 -1.79235554 -1.76211011 -1.20765412
  -2.2971952  -1.65657818]
 [-2.86513162 -3.51698685 -4.28653574 -4.75378513 -3.41042423 -3.40305734
  -3.26345706 -2.86945844]
 [-4.64142895 -4.93864918 -5.81735468 -5.60883331 -4.55726624 -3.45223999
  -3.0228796  -2.50637007]]
29 th  activation map
[[ 1.93527985  2.16853523 -0.09072202 -3.06360531 -3.77223969 -4.29801702
  -3.7014277  -3.71514297]
 [-1.21739256  1.15949619  2.20577526  1.14965332 -0.53938037 -3.05454993
  -2.74510169 -2.66355896]
 [-0.89070052 -0.33367074 -0.24614069  0.56810921  1.01103151  0.97822016
  -0.30612004 -1.13706779]
 [ 0.37705576 -0.13088959 -0.76837033 -0.23407277 -0.08987403 -0.98373634
  -1.27965784 -2.34733105]
 [ 1.51055467  1.61998761  1.18269038  1.21310675  0.22581965 -0.18969062
  -0.44649768 -1.50562751]
 [ 0.05822355  0.42014459  0.99967211  0.28216609  0.58306152  1.34625995
   2.10521436  1.55379021]
 [ 3.7577939   2.86859965  2.27709484  2.22114968  2.63586545  2.69960761
   2.08526945  2.74262023]
 [ 4.7259469   5.24118996  4.21554708  3.67893767  2.95960355  3.99695778
   3.37393594  2.2580204 ]]
30 th  activation map
[[-0.47897667 -1.04440153 -0.19334804 -1.54654193 -1.5656482  -0.85152185
  -1.89012146 -2.04585242]
 [-1.44258809 -1.82523882 -1.18766785  0.39211369  0.06078316  1.76877344
  -0.63215929 -2.07383966]
 [-0.7473706  -1.62549043 -1.19974518 -0.9243229  -1.88205934 -0.03205432
  -1.30380404 -1.1955719 ]
 [ 0.93359566 -0.10449372 -0.01624526  0.32640606 -0.16091432  0.78859806
   0.87568474 -0.94021308]
 [ 0.96645486  1.12758911  1.02425754  0.8601473   0.50370991  1.72965682
   0.82247996  1.84346032]
 [ 3.65961981  2.30682015  2.69803476  2.96279716  2.79244924  3.10242724
   2.78006411  3.32029986]
 [ 3.01364303  3.98111629  4.43971777  4.37118006  2.42991328  1.7558924
   1.18086123 -0.31671616]
 [ 1.11151409  1.62428939  2.22862506  0.51328593 -0.07575729  0.395897
  -0.87953907 -1.11001885]]
31 th  activation map
[[-4.12508583 -4.45811033 -4.65323591 -5.10874987 -3.90460587 -3.81142616
  -2.16166329 -1.78099489]
 [-4.40738726 -2.14634299 -3.04887056 -4.10163498 -3.46950579 -4.27178431
  -3.75015974 -4.71107721]
 [-4.62960434 -2.57265377 -3.50598574 -4.88963461 -4.26703262 -4.91761494
  -3.2311511  -4.91006994]
 [-4.32933998 -2.14786148 -2.41060257 -3.27118373 -2.72822499 -3.29741955
  -2.18575215 -5.06857395]
 [-3.67909551 -2.04550552 -2.66130161 -2.75660181 -2.20839548 -1.73930728
   0.44767022 -1.92619359]
 [-0.99446142  0.12555456 -0.51783264 -0.50359619 -0.25563347 -1.2390002
  -0.81732118 -1.71744001]
 [ 1.02929306  2.30114293  0.93640345 -0.59921294 -1.89059091 -2.2250998
  -1.37316644 -2.60042667]
 [-1.42990577  0.29248467 -0.66286814 -2.27604294 -2.31587052 -2.31682253
  -2.38314891 -2.74809885]]
32 th  activation map
[[-2.52899218 -2.03762388 -0.83721548 -1.33071971 -2.10026097 -2.21384621
  -2.76705217 -1.93990803]
 [-3.11513662 -2.93029976 -3.10461903 -2.03815055 -0.75019759 -0.71951097
  -0.51844853 -1.2553407 ]
 [-4.08888626 -3.24158692 -2.54127216 -1.26984894 -0.55597508 -1.87798166
  -2.78614926 -3.54928041]
 [-2.70106268 -2.30541277 -2.65888166 -3.43491197 -4.66651821 -4.66395187
  -4.10972595 -2.06598473]
 [-1.56909835 -3.09565401 -2.73721504 -2.49365783 -2.38806319 -1.98292542
  -1.02076447 -0.97792423]
 [-2.87089658 -2.26466393 -2.14133739 -3.14246774 -3.79043984 -2.64636612
  -3.08247089 -2.25336766]
 [-2.15680313 -3.10615849 -3.13499403 -2.13175321 -1.15710425 -1.33997905
  -2.26915216 -2.42615771]
 [-3.44616556 -2.78958154 -2.30780602 -2.70431066 -3.50773525 -4.67841434
  -5.24151421 -4.7768693 ]]
33 th  activation map
[[-2.99516463 -1.90246177 -1.78982437 -1.56179392 -2.19952202 -3.56808233
  -2.52800345 -1.57273579]
 [-2.24279118 -2.31643987 -3.47127295 -3.23237944 -3.00924158 -3.22538638
  -0.71538889 -1.32324779]
 [-3.67193913 -2.53542185 -3.09034133 -1.53683317 -2.18865156 -3.1839962
  -1.15549386 -3.86585307]
 [-3.5191195  -2.45147681 -3.21112084 -2.36752105 -3.84520912 -4.83221197
  -3.05224061 -3.15545702]
 [-2.9109323  -2.84100127 -3.60079646 -2.14280915 -3.67910361 -3.7112453
  -1.6379174  -3.14359713]
 [-2.55710602 -3.01629901 -3.44451427 -2.86235905 -4.27983141 -3.19350553
  -2.58031225 -2.86860561]
 [-2.22471023 -2.41718459 -3.42652512 -2.97745037 -2.21298003 -1.10879123
  -0.58413476 -1.28912783]
 [-3.34529686 -2.09603953 -1.62738681 -1.20621991 -1.70560133 -1.62211466
  -1.00364876 -1.43769038]]
34 th  activation map
[[-1.47562194  0.3511633   2.18219972  4.24362946  4.15194702  3.43963003
   1.98475742  0.46083999]
 [-2.52765226 -2.07959867  0.45269629  3.27643657  4.07956982  3.83742499
   2.34665871  2.49552512]
 [ 1.48722231  0.36240077 -0.08599102  0.63738251  0.35477689  1.55660141
   2.26640201  1.99854422]
 [ 3.51605749  2.12069297  1.52735591  1.5914892   1.2551682   1.58054805
   1.22314739  1.36934912]
 [ 3.90110159  2.41405678  2.1222105   1.66438627  0.34047475  1.50670338
   0.42263386  1.20810306]
 [ 2.3558023   1.263955    1.19476736  0.66827309  0.23796269 -0.47078076
  -1.61576068 -1.00672185]
 [-0.65692258 -1.80674744 -0.99017489 -1.73766696 -2.98526645 -2.94514132
  -3.9983356  -3.41329098]
 [-5.47597647 -5.64516973 -5.87894344 -6.22374582 -6.04128742 -5.32065916
  -3.77693224 -2.82839322]]
35 th  activation map
[[-0.74903065  0.45701712 -0.50933665 -2.11543298 -2.71728563 -3.10634255
  -1.986063   -1.08609033]
 [-0.21372302 -1.39446783 -1.4753629  -0.97989422 -0.31983632  0.22091983
  -0.68042451 -2.10195041]
 [-0.43222129  0.21283534  0.11607747  1.22301245  1.32422614 -0.05565296
  -1.9156096  -3.31963706]
 [ 1.51004148  1.38106847  0.61215216  0.30831116 -0.21111681 -0.14987399
  -1.12445509 -0.86910301]
 [ 1.89766383  1.11205375  1.34727788  2.12615514  1.29194784  0.84169179
   1.40027118  1.46528029]
 [ 2.25904536  2.08991361  2.42357039  1.76086569  0.9421497   2.98721743
   2.25767064  1.74899602]
 [ 1.9798367   3.22605014  3.14152026  2.88792872  3.76311135  3.64871526
   1.70961404  1.54581106]
 [ 2.67743397  3.66368389  2.65073967  2.22323537  1.27082705 -0.17885049
  -0.3041963   0.09589295]]
36 th  activation map
[[-10.46100998  -9.82573605  -9.78734398  -9.28181171  -9.30729008
   -8.34041786  -5.18889999  -3.1179986 ]
 [-10.19628429  -9.86104298  -9.80311203 -10.29293919 -12.96588993
  -11.86781788  -7.67287207  -5.65611982]
 [-10.47474861  -9.87638474 -10.06541729 -10.75500774 -12.43245316
  -11.75411892  -8.02060795  -8.0909853 ]
 [-11.69182682 -11.3276844  -10.83010387 -10.33925629 -10.73139858
  -10.40006351  -9.442379   -10.65980053]
 [-10.78460693 -10.86921024 -10.72661495  -9.50823784 -10.58047485
  -10.96900463 -11.00644016 -10.15604305]
 [ -9.6830225  -10.71575546  -9.44779778  -7.99340916  -9.00063229
   -9.17422485  -8.28164482  -7.02093983]
 [ -8.09612942  -7.40357208  -6.78430414  -6.64504528  -6.16287327
   -5.57466698  -4.59190369  -4.74653673]
 [ -3.65945721  -3.65368676  -3.25479794  -3.71200228  -1.70310664
   -1.7620002   -2.41609812  -2.65153217]]
37 th  activation map
[[-0.93856174 -5.50794983 -7.55684233 -5.20069551 -2.51506758 -2.75176358
  -2.73110461 -0.54878944]
 [ 1.70754147 -1.7622956  -5.18953133 -5.86707211 -3.19563198 -3.8754015
  -5.89741755 -5.2481389 ]
 [-0.19630241 -0.48946077 -1.212556   -3.60219002 -1.9547801  -2.13433719
  -5.97015476 -8.81595421]
 [-2.45559335 -2.03654504 -2.31011605 -3.57771873 -1.64747274 -0.91598463
  -4.17095661 -6.83862495]
 [-1.7881608  -2.16612124 -3.02033496 -2.67975068 -1.48738253  0.19544178
  -2.35382676 -4.47749233]
 [-1.72336519 -1.80084765 -2.64337873 -3.38724661 -2.15164399  1.13140714
  -1.00540781 -1.85749352]
 [-0.71193433 -0.70632917 -0.28953269 -2.68259883 -1.50456583 -0.44440433
  -0.93926585 -0.67212564]
 [ 3.44317102  0.68311357 -0.30289686 -1.83788514 -1.55555403 -1.06806946
  -1.17824733 -1.15057075]]
38 th  activation map
[[-1.34673083 -1.40810847 -1.15957153 -1.31164455 -0.92567736 -1.84114516
  -2.73139048 -1.96171796]
 [-1.03199613  1.84817517  0.32218897 -0.85704714 -2.34087467 -3.49284887
  -2.4285996  -1.71219587]
 [ 0.90874726 -0.19358055 -1.64329541 -1.76547742 -1.35270894  0.03856467
  -0.26883543 -1.15026367]
 [-0.67114764 -1.01640201 -0.13361011 -0.22344713  0.41057971  0.56857705
  -1.64187479 -3.17671204]
 [-0.24095191 -0.47428238 -0.35422882 -1.29699922 -0.89858085 -0.65367967
  -1.77529013 -2.17503738]
 [-0.36976779 -0.43315306 -0.79647964 -0.10413151 -0.01624959 -0.98462075
  -1.22609484 -0.21501924]
 [ 1.36695385  0.25017807 -0.11836287 -1.07439184 -1.37137008 -0.39155731
   0.61022532  0.75492287]
 [-0.44091985  0.79270887  1.55503619  1.14840543  2.19246626  2.97771311
   1.19103348  0.6350885 ]]
39 th  activation map
[[ -1.60410941e+00  -2.19546556e+00  -3.69873452e+00  -4.13985682e+00
   -2.85823917e+00  -2.06159234e+00  -1.27085900e+00  -1.96246672e+00]
 [ -3.68798518e+00  -2.45720792e+00  -2.29882526e+00  -3.62607574e+00
   -4.01361275e+00  -3.27482605e+00  -2.28493214e+00  -3.29908514e+00]
 [ -5.93642616e+00  -2.57428074e+00  -2.95982766e+00  -4.00805664e+00
   -3.42564726e+00  -3.31893539e+00  -1.80122662e+00  -2.15697432e+00]
 [ -6.34391260e+00  -4.15377283e+00  -4.52104616e+00  -5.47616673e+00
   -4.89671516e+00  -4.38020086e+00  -1.80236232e+00  -3.38314795e+00]
 [ -5.67893600e+00  -4.60321712e+00  -4.50003767e+00  -5.05722380e+00
   -4.20947504e+00  -3.78037810e+00  -2.28319669e+00  -4.02830791e+00]
 [ -6.53156090e+00  -4.00106716e+00  -4.81326056e+00  -4.74638462e+00
   -4.28886938e+00  -3.12865067e+00  -2.43663049e+00  -2.84233284e+00]
 [ -4.06293821e+00  -2.77678013e+00  -3.33353949e+00  -2.35961938e+00
   -2.98598194e+00  -3.20411420e+00  -1.82078695e+00  -8.54579687e-01]
 [ -1.18760884e+00  -7.53914475e-01   5.05481521e-03  -5.59284270e-01
   -1.16623771e+00  -2.13612413e+00  -1.27902460e+00  -1.94818854e+00]]
40 th  activation map
[[  1.75011009e-01   8.52742717e-02   9.28903222e-02   4.60651144e-03
   -6.11269355e-01  -1.64950347e+00  -1.83165383e+00  -1.46433604e+00]
 [  2.75675249e+00   2.60742378e+00   6.18418872e-01  -4.90806848e-02
    1.93951607e-01  -7.40249872e-01  -7.86295533e-01  -1.43134272e+00]
 [  1.64376593e+00   1.60380960e+00   1.39642692e+00   2.10879254e+00
    2.53435493e+00   1.32898271e+00   9.96822342e-02  -1.70613241e+00]
 [  2.32566094e+00   2.03049517e+00   2.18666053e+00   2.37821889e+00
    2.03285980e+00   1.02989578e+00   9.99282002e-01  -1.20288217e+00]
 [  2.86568642e+00   3.13911247e+00   1.69218183e+00   1.78132033e+00
    2.40800762e+00   2.62199187e+00   2.41328645e+00   1.32186675e+00]
 [  4.26717567e+00   4.61329746e+00   3.08914709e+00   3.29332471e+00
    2.98996830e+00   1.88253951e+00   3.12186098e+00   2.62889671e+00]
 [  3.32161903e+00   2.39578009e+00   2.12275791e+00   2.48530436e+00
    2.97446823e+00   2.94744301e+00   3.52962255e+00   2.22193241e+00]
 [  2.71405029e+00   3.53535986e+00   3.03029108e+00   3.14448714e+00
    2.76488471e+00   2.29816604e+00   8.20648074e-01   2.71730632e-01]]
41 th  activation map
[[-2.31414318 -2.67472816 -2.46885419 -1.81756163 -1.86188662 -2.30728483
  -2.8953588  -2.74048901]
 [-3.08112478 -1.54620695 -2.23777199 -2.30923176 -2.23224449 -3.15572977
  -2.6114428  -2.32803893]
 [-1.98794293 -1.12378502 -2.51226091 -1.80218577 -2.81944346 -2.30982542
  -0.81378615 -2.87850165]
 [-1.43963695 -1.08180356 -1.70844805 -1.77998233 -2.30284524 -1.40420461
  -0.31815818 -3.28359938]
 [ 0.21549547 -0.48889741 -1.37758875 -0.87188202 -0.51778531 -0.16629443
   0.33560777 -1.91092026]
 [ 1.56655705  0.69854999 -0.18344212  0.58769792 -0.43938246 -0.30227873
   0.28234079 -0.71880406]
 [ 1.02163708  0.64319271  0.32761618  0.69030601 -1.21177447 -0.24793679
   0.07386327 -0.82773685]
 [-1.07261038  0.10714462  0.0861823  -0.72842002 -1.46568227 -1.08445048
  -0.87767082 -0.6238569 ]]
42 th  activation map
[[ 0.67034215  1.17741358 -0.07976026 -1.28005064 -0.56585282  0.19059321
  -0.25914559 -2.16924572]
 [ 1.59932995  1.44966447  0.28174028 -1.9317286  -0.57422727  1.41952252
   0.51931792 -3.05367327]
 [ 1.02720797  1.72530377  1.07718074 -0.75564235  1.50008762  2.60498881
   0.23366433 -3.0979774 ]
 [ 0.62087274  1.62967312  1.79425979  0.5881229   2.514431    2.73810887
   0.19412509 -0.99728435]
 [ 1.2539252   1.69001865  2.31160831  1.17451012  2.33007908  2.03960919
   1.61371875  1.05888689]
 [ 1.7337023   3.05413795  2.89394999  0.81818938  0.88231629  0.78583169
   0.52686149  1.01736665]
 [ 2.69979167  4.16085196  2.40106726  0.14292753  0.766343    0.35704309
   1.25858474  0.69011855]
 [ 0.98648202  3.08988976  1.96214807  0.45789436  0.1259197  -0.09196642
   0.56434745  0.99066287]]
43 th  activation map
[[-4.77010059 -2.74141288 -2.95940924 -3.45279217 -4.78811979 -2.65796041
  -0.11540654 -2.16636944]
 [-5.77884102 -2.2899611  -3.15087128 -5.83170462 -7.16018677 -3.84203744
   0.30908608 -2.47868729]
 [-5.04750919 -3.33615518 -4.21933413 -6.42126942 -7.05972052 -2.77506781
   1.41053545 -3.68306684]
 [-5.5260334  -3.65200067 -4.63436556 -5.15156364 -5.08084917 -2.48239779
  -0.09424036 -4.86062098]
 [-4.66032171 -3.5965693  -3.35223961 -3.93906689 -4.88305378 -2.97595429
  -2.55719352 -3.73745823]
 [-3.59947395 -1.95557153 -1.73440218 -2.55732536 -4.20994091 -3.89622021
  -2.29201174 -1.83241463]
 [-3.869591   -1.30066967 -0.1964135  -1.17318952 -3.23955417 -3.1098671
  -1.14761353 -0.77339685]
 [-3.99704361  0.13252747  0.69837528 -0.2774305  -1.60053623 -2.21274424
  -1.67656362 -1.34736192]]
44 th  activation map
[[-4.4160471   0.62962657  2.10357761  2.82437968 -0.60876828 -2.70113969
   0.93018389  1.442541  ]
 [-6.00685453 -3.5302608  -0.82081562  2.77022934  0.86405206 -2.5415585
   1.48786962  2.17746782]
 [-2.5656724  -3.54123068 -3.26056123 -0.33744034  0.25369617 -1.57114017
   0.51736844  0.89136988]
 [-0.93040651 -1.68224585 -2.55943751 -0.84763664 -1.47252631 -3.0499692
  -1.04441023 -0.91929263]
 [-0.25815889 -0.56247056 -0.96625775  0.47265929 -0.20024484 -2.83713031
  -1.23498821 -0.6760937 ]
 [-2.11303949 -1.12086403 -0.88854092 -0.3877587  -0.95410055 -2.17919469
  -1.56367302 -1.35529184]
 [-2.76955938 -1.45283437 -1.67065573 -0.81210053 -0.01322406 -1.98464024
  -3.27393317 -2.64863372]
 [-4.20579195 -2.76458502 -2.65119648 -2.49436617 -1.46233904 -1.74740899
  -2.61780882 -2.71339726]]
45 th  activation map
[[-1.45341849  0.46735358  0.4866403   1.19080257  0.5511387   2.1149838
   3.72737956  0.58522731]
 [-1.56740916 -1.24252975 -0.85181397  0.57761133  0.26566395  2.50498819
   2.96900487 -0.95776469]
 [-0.1205494  -0.5359236  -0.84673387 -0.0734601   0.44839409  2.09551191
   1.69357967 -0.6873576 ]
 [ 0.81679267  0.83312911  0.94195652  1.22755408 -0.36704725 -0.28588334
   0.34877786  0.75364321]
 [ 0.02137837  0.41748112  1.16757751  0.36642122 -1.18564188 -0.03237358
   0.4959316   0.44662026]
 [-1.97697365  1.07708955  1.11753464 -1.05972755 -1.16639793 -0.85965717
  -2.14083433 -2.29614925]
 [-1.80512834  0.00875318 -1.38354921 -2.00006032 -1.09064412 -2.97728825
  -2.60378551 -1.45365381]
 [-2.71330738 -2.82587218 -2.63558173 -2.00910521 -1.99500895 -2.34918833
  -1.80426931 -1.95173025]]
46 th  activation map
[[-2.5203414   0.01309024  0.02725166  0.59083116 -1.22572827 -3.234375
  -1.73659027 -0.29706863]
 [-2.39953709 -1.15150917 -0.62137377  0.70708156  0.30870843 -1.18600488
   0.31885254  0.73488516]
 [-1.9353621  -1.56090784 -1.53918147  0.41689187 -0.2987932  -1.53368711
   0.91791093 -0.89182693]
 [-0.58905721 -0.61496937 -1.782565   -0.85085392 -2.31742477 -2.79478645
  -0.95347738 -2.15301394]
 [-0.2836625  -0.26256484 -1.32463408 -0.24821466 -1.05306768 -2.58800292
  -0.73806351 -1.47810888]
 [-1.1943655  -1.40985727 -1.8971076  -1.3693434  -2.6559093  -1.9919337
  -1.00727522 -1.97632277]
 [-1.20009685 -0.93920565 -1.57760382 -1.64521599 -1.55279756 -0.35659674
  -1.15493393 -2.05889678]
 [-2.95393491 -1.64235914 -2.03953624 -1.24322104 -1.95447755 -2.16047597
  -2.56342745 -2.16697288]]
47 th  activation map
[[-1.28989923 -1.43469584 -0.88650727  0.03968289  2.22291613 -1.43284941
  -2.42563605 -0.71660113]
 [-0.51981533 -0.91435581 -0.47293317 -0.14208266  2.90627861 -2.32918978
  -3.01132035  0.1372285 ]
 [ 0.73898333  1.43345582  1.21230853  0.44187653  3.36836958 -2.38754725
  -2.76771355 -0.33488083]
 [ 1.03902757  2.86696625  1.17157972  0.72814387  4.12608814  0.07457782
  -0.78782636 -1.16232169]
 [ 2.02147913  2.6264832   0.48845929  0.85634553  3.83608818  0.4736073
   0.23031966 -0.27529281]
 [ 2.46322393  1.59220684 -0.23694372  0.70160204  1.60763299  0.09256493
   1.42755222  0.06757022]
 [ 1.15255177  1.01350224  0.04563054 -0.31671596  0.09698695  0.49546278
   0.83289993 -0.20152797]
 [ 0.2931478   0.743011   -0.36937332 -1.54748559 -1.34078503 -0.45275009
   0.4373194   0.95374322]]
48 th  activation map
[[-1.10510862 -4.10714674 -3.29958558 -1.87302017 -2.04735136  0.39117041
  -1.53922594 -2.37588716]
 [-2.16433859 -5.77563715 -3.55214787 -2.31292653 -1.28084409 -0.38102725
  -3.64643407 -3.4836576 ]
 [-2.60550714 -4.25729084 -2.67763901 -2.71375322 -2.87908268 -3.15504193
  -5.79939413 -2.29076576]
 [-2.18840098 -3.16564369 -2.44351315 -2.96688962 -3.24753308 -3.79950976
  -4.8230834  -0.91923797]
 [-2.76504254 -3.46638918 -2.37733364 -4.01720762 -3.36237168 -2.41232753
  -3.85694289 -1.24024963]
 [-3.02282143 -3.1724472  -3.09992123 -4.33760452 -2.63877606 -2.51796532
  -3.23907804 -3.19743133]
 [-2.92621613 -3.58511162 -3.80755067 -3.45452142 -2.47422051 -3.79694486
  -3.84657121 -2.92701221]
 [-1.63455808 -4.6333046  -5.17626715 -3.84142756 -3.88094139 -3.72076917
  -2.11659837 -2.58075929]]
49 th  activation map
[[-2.54197931 -1.49595904 -0.6454891  -1.86612904 -2.37439704 -1.92681324
  -0.47697902  0.28696385]
 [ 0.1089531  -0.19982055 -0.84566051 -1.82303143 -2.08857465 -2.33185101
  -0.03617769  0.09154478]
 [-1.29731047 -0.367953    0.04066028 -0.5439927  -0.56614763 -1.49381149
  -1.66098583 -1.01566482]
 [-1.47496188 -1.41637599 -0.96453905 -0.02071099 -0.4082087  -0.93848324
  -1.87936091 -1.40675461]
 [-1.00031757 -1.55090332 -0.94163418 -1.12918448 -2.2068646  -3.04338169
  -2.47632623 -2.10071802]
 [-0.39733335 -1.01155663 -1.19008625 -1.03706157 -1.05625892 -0.80351835
  -0.46929359 -0.5571202 ]
 [-1.24735808  0.1101497  -0.0668969  -0.59767461  0.22641124  0.51839834
   1.5096705   2.2834034 ]
 [ 0.75900447  1.45848227  1.84590387  2.33847094  1.59789491  0.09372981
   0.0928203   0.95087236]]
50 th  activation map
[[ 1.77637041  1.93767929  0.4328711  -0.49009824 -0.42446524 -0.59267879
  -0.95119381 -2.49726582]
 [ 2.30702519  2.1387167   0.89876825  0.52191305  0.92399561  0.46483338
  -0.75118482 -2.79051161]
 [ 1.97112536  2.07221889  1.29820001  2.11794639  2.49566579  2.33680463
   0.12250294 -0.88429743]
 [ 2.49141788  2.79485726  2.62657475  2.57920098  2.92941737  1.54383051
   0.88629818  1.04556799]
 [ 3.90365124  3.81556845  3.38643169  3.15859032  1.99110198  1.92673409
   2.67293644  3.64380598]
 [ 4.88238049  4.7251029   4.34692335  3.63978291  3.01199031  2.77060533
   3.28892016  2.47467399]
 [ 5.19530582  5.13257408  4.04214907  3.24964857  2.49776983  2.97004652
   2.5980432   2.46894264]
 [ 3.97058034  3.99242663  2.82215977  3.38965178  2.75989747  1.84371936
   2.28103638  2.62507319]]
