parameters of conv1
Shape  (20, 1, 5, 5)
Coefficients
Coefficient matrix  1
[[[ -2.98786070e-03  -2.68132001e-01   1.27152249e-01  -2.58771004e-03
    -4.77134101e-02]
  [ -3.50484729e-01  -9.79567245e-02   5.92192896e-02   2.59099275e-01
     1.98799074e-01]
  [ -1.96260065e-01  -1.21742092e-01   1.46203354e-01   1.75376728e-01
    -1.68187574e-01]
  [ -3.03060174e-01  -3.09834838e-01  -1.92927480e-01  -2.97402992e-04
    -3.47310096e-01]
  [  1.21239759e-01  -3.19934279e-01  -2.43785247e-01  -2.00448006e-01
     3.14134881e-02]]]
Coefficient matrix  2
[[[-0.20290007 -0.17019553 -0.13009912  0.03056238  0.24662849]
  [-0.26087609 -0.29232556 -0.23526937  0.06936205 -0.10195192]
  [ 0.26586735  0.21478969 -0.39179769 -0.14898729  0.04397054]
  [-0.07871232  0.18620604  0.08159132 -0.23897779 -0.25933808]
  [ 0.23187704  0.22662766  0.14997137  0.13516347  0.05236381]]]
Coefficient matrix  3
[[[-0.05633635 -0.04683496  0.01726569  0.32752365 -0.06908442]
  [-0.00463776  0.30433622  0.34623083 -0.22648388 -0.11523919]
  [ 0.28417501 -0.0728194  -0.25835559 -0.34419626  0.04781073]
  [-0.20225415 -0.37040737 -0.2845901  -0.18808118  0.19879216]
  [-0.1361059   0.18903744  0.13408454  0.28219518 -0.13442299]]]
Coefficient matrix  4
[[[ 0.17115209  0.01957694 -0.03905188  0.13937335 -0.14122647]
  [ 0.25779876 -0.0222466   0.19087158  0.26156437 -0.03605142]
  [-0.09008133 -0.03809544 -0.16677454 -0.28409874 -0.30859002]
  [-0.1250034  -0.36275488  0.07553913  0.16294654  0.01011747]
  [ 0.08938149  0.0859638  -0.11045892 -0.08258326 -0.10752114]]]
Coefficient matrix  5
[[[ 0.22063871  0.26402175 -0.10174124 -0.01513727  0.24448307]
  [-0.07999356  0.14763014  0.0450454   0.06217153  0.09966059]
  [ 0.07215314  0.17183194  0.04887072 -0.08821809  0.1218784 ]
  [-0.02632609  0.1127773  -0.2585946  -0.1341453   0.03101005]
  [-0.20605265 -0.36492595 -0.10138475 -0.01981696  0.30897072]]]
Coefficient matrix  6
[[[ 0.12287491 -0.31594905 -0.27214915  0.00852065 -0.03022058]
  [-0.26978353 -0.07245915  0.0748791   0.01175956  0.04775334]
  [-0.33095729 -0.22430784 -0.21226905  0.00132878  0.11824734]
  [ 0.13684861 -0.0955089   0.28034398  0.22387399 -0.05432569]
  [-0.12720753  0.29585871  0.29889891  0.26610816  0.14579186]]]
Coefficient matrix  7
[[[-0.05170688 -0.29359254 -0.06457392 -0.04424718  0.2215312 ]
  [-0.10088503  0.14147159 -0.32306805 -0.07717832  0.28883523]
  [ 0.1973456  -0.12498595 -0.18201761 -0.21484588  0.23864667]
  [ 0.2563239   0.03693842 -0.21863292 -0.30936161 -0.18314856]
  [ 0.1122141  -0.14549428  0.17013855 -0.16597056 -0.33013827]]]
Coefficient matrix  8
[[[-0.07691924  0.28525141  0.11461639 -0.23049745  0.05379115]
  [ 0.00231665  0.30883062  0.29458445  0.16169661  0.15963362]
  [ 0.24428079  0.03555992  0.37757415  0.37000269  0.10719194]
  [-0.00493078 -0.04141528  0.26040849  0.24270876  0.20531128]
  [-0.26335314 -0.39292172 -0.25596812 -0.33925503 -0.18609537]]]
Coefficient matrix  9
[[[-0.24324103 -0.1732299  -0.1770616  -0.17633346 -0.05888007]
  [ 0.1162878  -0.04661902 -0.01917674 -0.07270391  0.188456  ]
  [-0.06802805  0.05715115  0.23831519 -0.03169638 -0.0388644 ]
  [-0.00043632  0.22604769  0.19102211 -0.09398569  0.14056534]
  [ 0.09722773  0.05905088  0.20813398  0.05477554  0.19003986]]]
Coefficient matrix  10
[[[-0.05808835 -0.13789308 -0.19712809 -0.17329134 -0.44112048]
  [ 0.20030613  0.1565633   0.14226948  0.16271101  0.07701284]
  [-0.13341777  0.25672993  0.26918054  0.42779374  0.2375173 ]
  [-0.25918323 -0.34313256  0.0757525   0.08177894  0.28634992]
  [ 0.1343894  -0.37524661 -0.35410613 -0.36802697 -0.27137247]]]
Coefficient matrix  11
[[[-0.20552811  0.01792285 -0.18275432  0.17367692  0.21166262]
  [-0.08637582 -0.2673074  -0.11082131  0.30541033  0.20409735]
  [-0.12527999 -0.07848614  0.12688312  0.03553786  0.21976565]
  [-0.13160394 -0.23532234 -0.00156056  0.19769698  0.20071682]
  [ 0.16425581 -0.25929791  0.21133725  0.22699235 -0.12240699]]]
Coefficient matrix  12
[[[-0.09214088 -0.2135689   0.01489447 -0.13921    -0.18655168]
  [-0.01768016 -0.05220826  0.17352425 -0.22462751  0.16294245]
  [ 0.19091402 -0.26501369 -0.02826159 -0.05633081  0.27937263]
  [ 0.01014412 -0.10823446 -0.20204289  0.18927792  0.13394834]
  [-0.26215881 -0.26668864  0.12221839  0.16250062  0.18251893]]]
Coefficient matrix  13
[[[ 0.08312789 -0.00164287  0.07417785  0.15543155  0.12083066]
  [ 0.0833612  -0.01861433  0.13554487 -0.1485302   0.27056506]
  [ 0.03731107  0.11147516 -0.04489683  0.03601978  0.24322788]
  [ 0.04709158  0.11510704  0.05755427 -0.20733601  0.23836675]
  [-0.04528189  0.18060672  0.06629639 -0.02250885  0.11015508]]]
Coefficient matrix  14
[[[-0.27244833  0.10821772 -0.20019519  0.03715215  0.07432305]
  [-0.20341966  0.14557357 -0.12374517  0.25451335  0.24947548]
  [ 0.07133178  0.1596057   0.27932385  0.02191895  0.17470987]
  [-0.13473262  0.17298284  0.03424338 -0.10866114 -0.02957799]
  [ 0.10043248 -0.03937158  0.23092166  0.00391218  0.02573796]]]
Coefficient matrix  15
[[[  8.27948898e-02  -1.69850484e-01   2.23350301e-02  -4.65372466e-02
    -2.32295647e-01]
  [  7.10728094e-02   1.21719575e-04   2.53182393e-03  -1.86954007e-01
    -5.11913039e-02]
  [  2.33704701e-01  -4.34948727e-02  -7.11926743e-02   1.41722590e-01
     2.45296329e-01]
  [  2.97301859e-01   3.38246495e-01   2.85236001e-01   1.90997660e-01
     7.83976316e-02]
  [ -1.17386058e-01   2.24806577e-01   2.71837026e-01  -5.21457903e-02
     1.97949618e-01]]]
Coefficient matrix  16
[[[ 0.2602258   0.04217964  0.0877225   0.1154664   0.18675885]
  [-0.24936107 -0.1994438  -0.23107137 -0.15131277 -0.22169779]
  [-0.23300532 -0.04337926 -0.32914409 -0.29519951 -0.2153282 ]
  [-0.17838159  0.11311874  0.11761107 -0.2286565   0.01428271]
  [-0.11619779  0.26558107 -0.07804935 -0.16816863 -0.02291145]]]
Coefficient matrix  17
[[[ 0.001763    0.10837837 -0.15159729  0.15025264 -0.07498556]
  [-0.08012854  0.08626471 -0.24376765  0.10228115 -0.18436934]
  [-0.2057412  -0.152916    0.02705343  0.07436139  0.00983906]
  [ 0.20983213  0.05817799  0.16792348 -0.14693551 -0.01694258]
  [ 0.03577934 -0.12540083 -0.14401291 -0.0650305   0.12224095]]]
Coefficient matrix  18
[[[ 0.038066    0.00906215  0.15657778 -0.05760325 -0.07916327]
  [ 0.27965322  0.17692275 -0.11429013 -0.29102027 -0.30125678]
  [ 0.19708264 -0.08206019 -0.05029259  0.01724041  0.19184108]
  [-0.14648123 -0.30938625 -0.11896691 -0.20562184 -0.05063638]
  [-0.13985643 -0.02125924 -0.07269541  0.26520535 -0.0573675 ]]]
Coefficient matrix  19
[[[ 0.20593916  0.24788831 -0.06570806 -0.06658627 -0.24004319]
  [ 0.06925306  0.04378675  0.24579999 -0.20081498 -0.22072832]
  [-0.02439349  0.35194525  0.11797284 -0.34594434 -0.31973282]
  [ 0.27883938  0.29330513 -0.14197299 -0.40675235 -0.1325618 ]
  [ 0.15417039  0.09988411 -0.12853324 -0.2356768  -0.15685444]]]
Coefficient matrix  20
[[[ 0.22887249 -0.03355308  0.13521333  0.23717827 -0.03402814]
  [ 0.15986004 -0.02606968  0.10565461 -0.15905198  0.02697759]
  [ 0.22255205 -0.2585018  -0.26046291 -0.20750093  0.00232855]
  [-0.35556725 -0.15274605 -0.03451536  0.12993506 -0.0822949 ]
  [-0.1019408  -0.02335737  0.0783534   0.0476035   0.00686921]]]
