#####################################################
Conv2 bias
[-0.01936791 -0.01178894 -0.02238397 -0.02362786 -0.02075588 -0.04617802
 -0.029063   -0.03186778 -0.0175305  -0.0231273  -0.0161567  -0.02906239
 -0.02216549  0.00291549 -0.02607877 -0.02008032 -0.01681096 -0.00837373
 -0.01869138 -0.01423251 -0.018829   -0.0200811  -0.01759719 -0.01720879
 -0.02912166 -0.01485875 -0.00253756 -0.00901686 -0.02842816 -0.01923369
 -0.00059462 -0.01937919 -0.01868475 -0.01672915 -0.03628416  0.00552635
 -0.02820385 -0.02465718 -0.00566541 -0.02900956 -0.00240614 -0.00491992
  0.00018234 -0.01532773 -0.02199404 -0.00105441 -0.01192133 -0.01506881
 -0.03636561 -0.0331299 ]
